-0.006852744288256056 -0.11722362423857241
0.05018615029924691 -0.1061587890946748
0.08756468515054268 -0.07823531234930027
0.11435324748646845 -0.026677199500786074
0.11571490660437772 0.01995992418438477
0.09880772630948934 0.0634458147197693
0.05629439369503656 0.10304988802718067
0.011650444886017757 0.11613346260489042
-0.0454531205890866 0.10750222244845717
-0.2011824375068082 0.1953854283297718
-0.2702269631269883 0.07501484629028102
-0.2781076723550251 -0.036138087138906407
-0.2420812951513088 -0.14158561121333657
-0.14456656527006584 -0.24031301872933344
-0.039572326918463546 -0.2776398201033984
0.09837963625397719 -0.26262384875582856
0.19288418939094418 -0.2035817483169539
0.26687409041069354 -0.08618618585512496
0.27936979661289707 0.024542931879824
0.23340355349092773 0.1554754642462817
0.24305221410080013 0.36842340546878843
0.08039508208891916 0.43398941836459154
-0.1375122885449886 0.4194050011333202
-0.28998120547215583 0.3327477797813771
-0.4140102327393525 0.1529892534252901
-0.4382333434211325 -0.02018764927809536
-0.3749074655969974 -0.22781658567601237
-0.2565966857775014 -0.355828814625013
-0.05459135577470671 -0.43528816701596545
0.11922722801210216 -0.4221858270595898
0.4159186307005375 -0.4244580355892948
